10,104
10,90
10,268
10,224
10,212
10,246
10,2
10,3
9,7
9,3
8,11
8,4
8,17
8,6
41,5
41,4
41,3
41,2
41,1
41,0
37,5
37,4
37,3
37,2
37,1
37,0
36,4
36,3
36,2
36,1
36,0
35,4
35,3
35,2
35,1
35,0
34,3
34,2
34,1
31,3
31,1
20,3
20,2
20,1
14,1
19,3
14,3
19,2
13,1
19,1
13,3
18,3
18,1
12,3
12,2
12,1
11,28
11,26
11,25
11,24
11,23
11,22
11,21
11,20
11,19
11,18
11,17
11,16
11,15
11,14
11,13
11,11
11,10
11,9
11,7
11,6
11,5
11,4
11,3
11,2
11,1
10,286
10,266
10,264
10,256
10,248
10,210
10,168
10,166
10,156
10,132
10,128
